pico_y=[+10072100160,+5862644936,-27643845476,-0,+0,-0].pt
pico_y=[+10242567678,+5058352732,-27739914834,+0,-0,-0].pt
pico_y=[+1027464502,+29629441014,-4586997044,+0,-0,+0].pt
pico_y=[+10356544473,+5063404307,-27696641013,-0,+0,-0].pt
pico_y=[+10438012988,+7339556434,-27151036743,-0,-0,-0].pt
pico_y=[+10511257153,-11346197473,+25705588419,-0,-0,+0].pt
pico_y=[+10534159596,-10668147413,-25985036316,+0,+0,-0].pt
pico_y=[+10652883521,+26637650984,+8772207402,+0,-0,+0].pt
pico_y=[+10769074994,+14890670621,-23712759271,-0,+0,-0].pt
pico_y=[+10784971747,-27615486933,-4590127003,+0,+0,-0].pt
pico_y=[+10898419761,+25801923542,-10746403503,-0,-0,+0].pt
pico_y=[+10899829486,+4841050830,+27527403511,-0,+0,-0].pt
pico_y=[+10919689500,-27680895389,-3811615363,-0,-0,+0].pt
pico_y=[+10939968109,-823091559,+27922027470,+0,-0,+0].pt
pico_y=[+10965942455,-27890532060,+1366135961,-0,-0,-0].pt
pico_y=[+10970385563,-13454665015,-24466765825,-0,-0,+0].pt
pico_y=[+11215991040,-27422292214,-4713749540,+0,-0,+0].pt
pico_y=[+11240358063,-23835649715,-14335834586,-0,+0,+0].pt
pico_y=[+11400610376,-26728381390,-7457862384,+0,+0,+0].pt
pico_y=[+11441098946,+7226895826,+26774488448,-0,-0,-0].pt
pico_y=[+11461767170,+26797546862,+7107698327,-0,-0,+0].pt
pico_y=[+11475573783,-27701304157,-974142886,-0,+0,-0].pt
pico_y=[+11481949814,-21123368511,-17943470434,+0,-0,+0].pt
pico_y=[+11539541642,+22312397657,+16401094156,+0,+0,+0].pt
pico_y=[+11621847167,-5001244714,+27201474588,-0,+0,-0].pt
pico_y=[+11657264626,+22551727171,+15985236409,-0,+0,+0].pt
pico_y=[+11663080583,-21461856651,-17417269028,+0,+0,+0].pt
pico_y=[+11664412532,-27622416219,-971392051,+0,-0,-0].pt
pico_y=[+11803998346,+2973316514,+27419427637,+0,-0,-0].pt
pico_y=[+12062296554,+22554195286,-15678305930,+0,+0,+0].pt
pico_y=[+12092232830,+17777527028,-20922175746,-0,-0,-0].pt
pico_y=[+12113180656,+27444568707,-257881588,-0,-0,+0].pt
pico_y=[+12192330850,-19701351966,-19057906473,+0,-0,-0].pt
pico_y=[+1229836959,-5778294386,-29412562198,+0,-0,-0].pt
pico_y=[+12453976203,-7008202556,+26377709788,+0,+0,+0].pt
pico_y=[+12454698457,+21168239019,+17227482207,-0,-0,-0].pt
pico_y=[+12469591031,-27195540154,-2216279594,+0,+0,-0].pt
pico_y=[+12497367116,+2058289468,+27195206556,-0,+0,+0].pt
pico_y=[+12576246873,+22459025983,+15408769143,-0,+0,-0].pt
pico_y=[+12658168113,+4397975899,+26840800808,-0,+0,+0].pt
pico_y=[+12668375331,-16810175186,+21375927505,-0,+0,+0].pt
pico_y=[+12714384492,-3486169380,-26947932204,-0,-0,+0].pt
pico_y=[+12732414717,-23660372766,-13344376195,-0,-0,-0].pt
pico_y=[+12776827097,+6738635691,+26293411311,+0,-0,-0].pt
pico_y=[+12803030758,-25924861945,+7998995970,+0,+0,-0].pt
pico_y=[+12813556743,-18035383411,-20261730153,-0,-0,+0].pt
pico_y=[+12824615450,-26923531042,+3263849691,-0,-0,-0].pt
pico_y=[+12862847434,-3143239939,-26919643359,+0,-0,-0].pt
pico_y=[+12953253188,-25401252779,-9326820953,+0,-0,-0].pt
pico_y=[+13007758235,+14642379019,+22724413356,+0,-0,-0].pt
pico_y=[+13045926247,-22664143329,-14701714714,-0,+0,+0].pt
pico_y=[+13078974360,-5945178057,-26336197287,+0,+0,-0].pt
pico_y=[+13488908766,+22690828405,-14253969503,+0,-0,+0].pt
pico_y=[+13544321702,-21322935725,+16182823045,-0,+0,-0].pt
pico_y=[+13573752689,+15563981959,+21760415978,-0,+0,+0].pt
pico_y=[+13681722809,+26373746459,+4151621212,-0,+0,+0].pt
pico_y=[+13724672747,-21173573939,-16226925915,+0,-0,+0].pt
pico_y=[+1375036190,+28911591357,-7888546171,+0,+0,+0].pt
pico_y=[+13891453519,+5833944197,+25942101191,+0,-0,-0].pt
pico_y=[+13960866062,+9371176333,-24845025115,-0,-0,+0].pt
pico_y=[+13991467306,-26342602499,+3210317154,-0,+0,+0].pt
pico_y=[+14016171601,-5641356853,-25917600709,+0,+0,-0].pt
pico_y=[+14085697323,+15604523738,-21403083185,+0,+0,+0].pt
pico_y=[+14336731714,+20670149656,+16346346288,-0,+0,-0].pt
pico_y=[+14512569878,-11546636273,-23580935230,+0,+0,-0].pt
pico_y=[+14536538323,-18140769105,+18963162971,+0,+0,+0].pt
pico_y=[+1461127938,+16195495750,+25210533961,-0,-0,-0].pt
pico_y=[+14757171007,-25907540763,+3320427006,-0,+0,+0].pt
pico_y=[+15039193582,-18021157422,-18683161979,+0,+0,-0].pt
pico_y=[+15096113328,-22142006626,-13484765662,+0,+0,-0].pt
pico_y=[+15150640977,-16557055823,+19907837162,-0,-0,-0].pt
pico_y=[+1519383286,+26687754854,+13618194275,+0,+0,+0].pt
pico_y=[+15397889147,+9015623554,-24116872553,-0,+0,-0].pt
pico_y=[+15495252984,+21078966523,+14682448886,-0,-0,-0].pt
pico_y=[+15532160555,-15957821764,+20102236518,+0,+0,-0].pt
pico_y=[+15555183059,-6030240801,-24933360702,+0,+0,-0].pt
pico_y=[+15585882751,+15577454498,-20357386135,+0,+0,-0].pt
pico_y=[+15595241521,-6451009139,+24802679754,-0,-0,-0].pt
pico_y=[+15608575152,-14640164072,-21024699229,-0,+0,+0].pt
pico_y=[+15690561800,+2150225577,-25479065924,+0,-0,+0].pt
pico_y=[+1590811351,+18377488837,-23658766310,+0,-0,+0].pt
pico_y=[+16045681801,+3373942328,-25122750819,-0,-0,+0].pt
pico_y=[+1613258050,+11731234526,+27564026102,+0,-0,+0].pt
pico_y=[+16231666594,+11786912516,-22306987536,-0,-0,+0].pt
pico_y=[+16251024053,-20477284260,-14716828685,-0,-0,-0].pt
pico_y=[+16270419879,-9488132053,+23350562886,+0,+0,-0].pt
pico_y=[+16293666002,+14599458426,+20527353991,-0,-0,+0].pt
pico_y=[+16294524905,+9719479989,-23238333995,+0,+0,-0].pt
pico_y=[+1643914469,-18429032068,+23615002059,+0,-0,+0].pt
pico_y=[+16449956623,+21179871257,+13446634547,+0,+0,+0].pt
pico_y=[+16596390876,+20912459840,+13683158748,+0,+0,-0].pt
pico_y=[+16698000465,+16864508143,+18351161968,+0,-0,+0].pt
pico_y=[+16823863201,+4161540844,+24487531619,+0,-0,-0].pt
pico_y=[+16831087776,-3712704523,+24554639264,-0,+0,-0].pt
pico_y=[+16839399971,+20693084616,+13719725132,-0,-0,+0].pt
pico_y=[+16868110473,+24253157167,-5220269775,-0,-0,-0].pt
pico_y=[+1689930893,+12369740251,-27278813385,+0,-0,-0].pt
pico_y=[+16930378315,+21055154110,+13040045074,+0,+0,-0].pt
pico_y=[+16971329952,-24617092955,-2443909596,-0,-0,+0].pt
pico_y=[+16991696599,+24660135255,+1777632102,-0,-0,-0].pt
pico_y=[+16999082918,-22796158505,-9558574024,-0,-0,-0].pt
pico_y=[+17040894944,+6586036117,+23795630434,-0,-0,-0].pt
pico_y=[+17102649174,+14041613736,-20256664951,+0,-0,+0].pt
pico_y=[+17241657596,-23147002686,+8181779147,+0,-0,+0].pt
pico_y=[+17271397029,+4787060235,-24057907202,+0,-0,+0].pt
pico_y=[+17294048691,-3739642292,+24226657950,-0,+0,+0].pt
pico_y=[+17506436914,-7507147139,-23176872274,+0,-0,+0].pt
pico_y=[+17677039407,+9973104156,+22092068063,-0,+0,-0].pt
pico_y=[+17764306436,+21406169094,+11234115078,+0,-0,+0].pt
pico_y=[+17795195295,+22663190654,+8349300200,+0,-0,+0].pt
pico_y=[+17955408903,+13311484797,+20010188996,-0,-0,+0].pt
pico_y=[+17960528800,+3801935069,+23726877058,+0,-0,-0].pt
pico_y=[+18005663668,-1030314082,+23973621519,+0,-0,-0].pt
pico_y=[+18023842600,+3242087795,+23761943621,-0,-0,+0].pt
pico_y=[+18046993425,-15227927961,-18504492383,+0,-0,+0].pt
pico_y=[+18133743538,+21928193027,+9503772717,-0,-0,+0].pt
pico_y=[+18158233722,+23729267380,-2683359409,+0,-0,+0].pt
pico_y=[+18291969297,-7026245517,-22716419902,-0,+0,+0].pt
pico_y=[+18319965160,-12397799232,-20265079589,-0,+0,-0].pt
pico_y=[+18343405262,-11842632218,-20573564240,-0,-0,-0].pt
pico_y=[+18463186613,-20415701734,-11929369757,+0,-0,+0].pt
pico_y=[+18484700850,+20154509400,-12333352558,-0,-0,-0].pt
pico_y=[+18541262541,-18114638304,+15102366123,+0,+0,-0].pt
pico_y=[+18543640140,-19487020789,+13281168290,-0,+0,+0].pt
pico_y=[+18606784655,-14416668914,+18599656508,-0,-0,-0].pt
pico_y=[+18607861709,-22042071717,-8239815352,-0,+0,-0].pt
pico_y=[+18731350878,+6906078133,+22392913591,+0,-0,-0].pt
pico_y=[+18745917953,-4344558151,+23015546367,+0,+0,-0].pt
pico_y=[+18890474600,+23294803798,-708579831,+0,-0,+0].pt
pico_y=[+18906862275,-11236027676,-20402995883,+0,-0,-0].pt
pico_y=[+18979821185,+14157453805,+18420990461,-0,+0,+0].pt
pico_y=[+1907461376,-29867457278,+2072820985,+0,-0,-0].pt
pico_y=[+1910502154,-21728648119,-20596500490,-0,+0,-0].pt
pico_y=[+19214900885,-19940659081,+11539397705,-0,+0,+0].pt
pico_y=[+1927785832,+29396823987,-5666602265,+0,-0,+0].pt
pico_y=[+19286400275,+22863585976,-2300261023,-0,-0,+0].pt
pico_y=[+19288437542,-22896729731,+1922484014,+0,+0,+0].pt
pico_y=[+19320481192,+10445681163,-20435428832,+0,-0,+0].pt
pico_y=[+19431660280,-5549111215,+22172459121,-0,+0,+0].pt
pico_y=[+19529621668,+10968280062,-19957222001,-0,+0,+0].pt
pico_y=[+19558341809,+4046002401,+22385288255,+0,-0,-0].pt
pico_y=[+19610355826,+12941801033,+18653249862,+0,+0,+0].pt
pico_y=[+19670136589,+17282539069,-14642389488,-0,+0,-0].pt
pico_y=[+19737627063,-10484318156,-20012624783,-0,-0,+0].pt
pico_y=[+19770480372,-14320489426,+17437077980,+0,-0,-0].pt
pico_y=[+19952514057,-6029710742,+21576370668,+0,-0,+0].pt
pico_y=[+19996236979,+6081054045,+21521414647,-0,-0,-0].pt
pico_y=[+19996873859,-21421425983,+6422425145,-0,-0,-0].pt
pico_y=[+20003108104,-21328479397,+6706089230,-0,+0,+0].pt
pico_y=[+20018771320,+13698328164,-17652325636,-0,+0,+0].pt
pico_y=[+20067225069,+19003716917,+11668985447,+0,+0,+0].pt
pico_y=[+20099533652,+5593840676,+21557311833,+0,-0,-0].pt
pico_y=[+202056944,-8364422865,+28809644273,+0,+0,-0].pt
pico_y=[+2023743077,-567984425,+29926273701,-0,+0,+0].pt
pico_y=[+20253337215,+16445339444,+14810575350,-0,-0,+0].pt
pico_y=[+20347667961,+21931252987,+2234401702,-0,+0,-0].pt
pico_y=[+20360575332,-18792775834,-11501241177,+0,-0,+0].pt
pico_y=[+20419567364,+21681464465,+3599356514,-0,+0,-0].pt
pico_y=[+20771709640,-19715042176,-8936061247,-0,+0,-0].pt
pico_y=[+20776296188,+18847301631,+10636011372,+0,-0,+0].pt
pico_y=[+21025522816,-14768371515,-15486206543,-0,-0,-0].pt
pico_y=[+21113336419,-15020348731,-15120057845,+0,-0,-0].pt
pico_y=[+21178561686,-16387639892,-13524562237,+0,-0,-0].pt
pico_y=[+21202507019,-5895920986,+20388521570,-0,+0,+0].pt
pico_y=[+21208607603,+15006389287,-15000108136,+0,+0,-0].pt
pico_y=[+21248070844,+21138683266,+1294432372,-0,-0,+0].pt
pico_y=[+2125324044,+29403412498,+5560785122,-0,-0,+0].pt
pico_y=[+2126285173,+26675498945,+13560850541,+0,+0,-0].pt
pico_y=[+21293834983,-18415387904,+10365620099,-0,-0,-0].pt
pico_y=[+21332269831,-16759822223,-12807912512,+0,+0,-0].pt
pico_y=[+2148010848,-25983680538,+14840296328,-0,-0,-0].pt
pico_y=[+21759707127,-7417565898,+19274201978,+0,-0,+0].pt
pico_y=[+21802601649,-5014007886,-19987653346,+0,-0,+0].pt
pico_y=[+21907048093,-12295141763,+16398497884,+0,+0,+0].pt
pico_y=[+21958228689,+19854301528,-4862396909,+0,-0,+0].pt
pico_y=[+21963479228,+18693406082,-8256037140,-0,+0,+0].pt
pico_y=[+21980104440,-2732133684,+20233893702,-0,-0,+0].pt
pico_y=[+22028963942,-14609101450,+14187984440,+0,-0,+0].pt
pico_y=[+2204553392,+9043261909,-28519455787,-0,+0,+0].pt
pico_y=[+22169882288,-10891151317,+17025837492,+0,+0,-0].pt
pico_y=[+22268370441,+14808958299,-13594647182,+0,-0,+0].pt
pico_y=[+22296078066,+864589165,+20053363520,-0,-0,-0].pt
pico_y=[+2246720049,+9524622372,-28359016515,+0,-0,-0].pt
pico_y=[+22538424256,-13164001173,+14789472781,-0,-0,+0].pt
pico_y=[+22573733802,+9667071284,-17232941566,-0,+0,+0].pt
pico_y=[+22860494755,+16270675317,-10614278321,+0,-0,-0].pt
pico_y=[+22864526906,-14270474801,-13174481330,-0,-0,+0].pt
pico_y=[+22865385941,+4513163490,-18889295409,+0,+0,-0].pt
pico_y=[+2286766527,+29886863933,+1243407865,-0,-0,-0].pt
pico_y=[+22933363574,-13816768852,-13533578006,+0,+0,-0].pt
pico_y=[+22954091851,+15142648034,-11992075626,+0,+0,-0].pt
pico_y=[+2296600730,+26979201917,-12916976774,-0,-0,+0].pt
pico_y=[+23169777268,+5526486322,+18237855419,+0,-0,-0].pt
pico_y=[+23306233376,+18691814626,+2726820831,-0,+0,+0].pt
pico_y=[+23478685937,+7193937796,-17233646325,-0,+0,-0].pt
pico_y=[+23567095406,-18559550138,+367576927,+0,+0,+0].pt
pico_y=[+23581627701,+17608122210,-5819009126,-0,-0,-0].pt
pico_y=[+2373134485,+16341145868,-25046660145,-0,+0,-0].pt
pico_y=[+23796871964,-18267379602,+108292224,+0,-0,-0].pt
pico_y=[+23889453475,-11060587773,-14386014417,+0,-0,-0].pt
pico_y=[+2397872705,-6399964629,-29211139301,+0,-0,+0].pt
pico_y=[+23991436219,+17840100266,-2478267672,+0,-0,-0].pt
pico_y=[+24121571628,-15226738529,+9289575662,+0,+0,+0].pt
pico_y=[+24130798260,+6792982683,-16479076479,-0,-0,-0].pt
pico_y=[+24235728842,+17592990099,-1765261139,+0,+0,-0].pt
pico_y=[+24267429698,-6926888437,-16220668064,-0,+0,+0].pt
pico_y=[+24316234892,-17440767590,-2130808887,-0,-0,-0].pt
pico_y=[+24347841012,+16226855285,+6623579515,+0,-0,+0].pt
pico_y=[+24367420189,+15722985408,+7682223844,+0,-0,+0].pt
pico_y=[+24898628781,+1386477452,+16677408825,+0,+0,-0].pt
pico_y=[+24911672217,+313710688,-16712575294,-0,-0,+0].pt
pico_y=[+24945855151,+10689289492,-12784498463,+0,+0,-0].pt
pico_y=[+24972837984,-7762413053,+14700418586,+0,-0,-0].pt
pico_y=[+24979949508,-16603148230,+581026211,+0,+0,+0].pt
pico_y=[+25027270918,+14586179623,-7802504366,+0,+0,+0].pt
pico_y=[+25037677423,-12456319979,-10860699879,-0,+0,+0].pt
pico_y=[+25124608831,-15059565623,+6477925156,-0,-0,-0].pt
pico_y=[+25366733487,+13542027161,+8552329073,-0,+0,-0].pt
pico_y=[+25400636238,-14839327554,-5882349568,-0,+0,-0].pt
pico_y=[+25408301067,+9041897691,+13140103616,-0,+0,+0].pt
pico_y=[+25413455644,+11806260451,-10713005480,-0,-0,+0].pt
pico_y=[+25484466826,-5861075777,+14703392171,-0,-0,+0].pt
pico_y=[+25581079476,-7475240057,-13774220811,-0,+0,-0].pt
pico_y=[+25645445096,+10551280072,+11444720820,-0,+0,-0].pt
pico_y=[+25724505557,-8479001100,+12897920538,+0,-0,-0].pt
pico_y=[+25727293693,-4823100743,+14657559771,-0,+0,+0].pt
pico_y=[+25761887561,-14089290713,-6149555799,+0,-0,-0].pt
pico_y=[+25800568859,-13623893305,-6979984081,+0,-0,+0].pt
pico_y=[+2589471885,-20612093482,+21643387850,+0,+0,+0].pt
pico_y=[+25951755263,+8004747890,-12744818946,-0,-0,+0].pt
pico_y=[+25962339407,-4957694392,+14190778654,-0,+0,+0].pt
pico_y=[+25991992365,-12753421944,+7859170541,-0,+0,-0].pt
pico_y=[+25993439725,-8682305116,-12204862519,-0,+0,-0].pt
pico_y=[+26168539993,-6387753690,-13206215105,-0,+0,-0].pt
pico_y=[+26279990272,-4172857455,-13854579458,-0,-0,-0].pt
pico_y=[+26335555914,+5527547238,-13262153529,+0,+0,+0].pt
pico_y=[+26378640072,-2941614889,-13982641016,+0,-0,-0].pt
pico_y=[+26421485999,+13433105788,-4632142750,+0,+0,-0].pt
pico_y=[+26460293283,+4018083548,-13553888150,-0,-0,-0].pt
pico_y=[+26503943037,+2381269413,+13851734890,-0,+0,+0].pt
pico_y=[+26712278614,-11210823083,+7795615245,+0,+0,+0].pt
pico_y=[+26767330064,-11117486016,-7740254901,+0,+0,+0].pt
pico_y=[+26895489082,-6201959910,+11754503832,-0,+0,+0].pt
pico_y=[+2693469725,-26291111126,-14195868997,-0,+0,+0].pt
pico_y=[+26965347750,-3565779527,+12655245437,-0,-0,+0].pt
pico_y=[+26987027735,+8852341630,+9661075599,+0,+0,+0].pt
pico_y=[+27013183478,-3377405295,+12604802730,-0,+0,+0].pt
pico_y=[+27262570561,-9277645382,+8406993670,-0,+0,+0].pt
pico_y=[+27293793347,-11939044656,-3536673218,-0,+0,-0].pt
pico_y=[+27552733479,-10046885810,+6317195847,+0,+0,+0].pt
pico_y=[+27647949603,+11601927158,+993060411,+0,-0,-0].pt
pico_y=[+27735911497,-11316703164,+1628325194,-0,-0,+0].pt
pico_y=[+27764806015,-8415163094,-7635481455,-0,+0,-0].pt
pico_y=[+27832047351,+10712909766,-3257407650,-0,+0,+0].pt
pico_y=[+27850963148,+10179154223,+4550678086,-0,+0,-0].pt
pico_y=[+27940637315,-3453894773,+10362982067,+0,-0,+0].pt
pico_y=[+2808176078,-27416026148,+11852242714,-0,-0,-0].pt
pico_y=[+28093378533,+1320448429,+10441192392,+0,+0,-0].pt
pico_y=[+28260986576,-6798726206,+7422530548,-0,+0,+0].pt
pico_y=[+28294002088,-506819851,-9959547153,+0,+0,+0].pt
pico_y=[+2843949543,+21269045226,-20965201314,+0,+0,+0].pt
pico_y=[+28607355769,-8573146136,+2849624752,-0,-0,+0].pt
pico_y=[+28626032061,+7251049137,-5288910557,+0,-0,-0].pt
pico_y=[+28716990377,-1876450528,-8474278559,+0,+0,+0].pt
pico_y=[+28739164599,+1123625633,-8532167580,+0,-0,-0].pt
pico_y=[+28757505340,-5387798716,+6631554240,+0,+0,+0].pt
pico_y=[+28760599611,-1786352238,-8344870024,+0,-0,+0].pt
pico_y=[+28838176081,+8261073575,-338029160,-0,-0,-0].pt
pico_y=[+28973483584,-7741195587,+781754384,+0,-0,-0].pt
pico_y=[+29033838398,-4519558600,-6050604757,-0,+0,+0].pt
pico_y=[+29139462092,+1484971568,-6977578982,-0,+0,-0].pt
pico_y=[+29198204727,+954438542,-6823040951,-0,-0,-0].pt
pico_y=[+2943582931,-10648241887,+27891759791,+0,+0,-0].pt
pico_y=[+2946361652,-25429360884,-15641820803,+0,+0,+0].pt
pico_y=[+29493779247,+1531905723,-5269748625,-0,+0,-0].pt
pico_y=[+29710423429,-3629168571,+2029747556,-0,-0,-0].pt
pico_y=[+29878748896,+2255915976,+1473501794,-0,+0,+0].pt
pico_y=[+29954607145,-1026302727,-1291593391,+0,+0,+0].pt
pico_y=[+3039517067,+29726956896,-2658828629,-0,+0,+0].pt
pico_y=[+3045796139,-5169486611,+29393868988,-0,-0,-0].pt
pico_y=[+3079671702,-20937927442,-21263085774,-0,-0,+0].pt
pico_y=[+3104667356,-26706786068,-13308216204,-0,+0,-0].pt
pico_y=[+317845622,-4656016599,-29634785027,-0,-0,-0].pt
pico_y=[+3179928003,-960675120,+29815518798,-0,-0,-0].pt
pico_y=[+3268729215,+3950604403,+29558554331,-0,-0,+0].pt
pico_y=[+3405913241,+25103343167,-16069284889,-0,+0,-0].pt
pico_y=[+3511079538,-19713364790,-22339551677,+0,+0,-0].pt
pico_y=[+3528124457,+28166919150,+9704483676,+0,+0,-0].pt
pico_y=[+3711436914,-23461802087,-18324002807,-0,-0,-0].pt
pico_y=[+3768177964,-21578752191,-20497763017,+0,-0,-0].pt
pico_y=[+3839487829,-26402798030,-13716799532,+0,+0,-0].pt
pico_y=[+4001556361,+3069450925,+29573062366,+0,+0,+0].pt
pico_y=[+4010420294,+20285133251,-21735452562,+0,-0,-0].pt
pico_y=[+4030170145,+3705777308,-29496185230,-0,+0,+0].pt
pico_y=[+4045776448,-22217076411,+19749258434,-0,-0,+0].pt
pico_y=[+4177495954,+3441143498,+29507745745,+0,-0,+0].pt
pico_y=[+4193938361,+18480920033,-23256536195,-0,-0,-0].pt
pico_y=[+4319179604,-16093816787,-24946617983,+0,+0,-0].pt
pico_y=[+4490393379,-13990109013,+26155558054,+0,+0,+0].pt
pico_y=[+4682752186,+16550601889,-24579450951,-0,+0,+0].pt
pico_y=[+471033231,+14371860463,+26329218647,-0,+0,+0].pt
pico_y=[+4822637921,-10285282684,-27766078650,-0,-0,+0].pt
pico_y=[+4899508582,-15016903176,-25504655156,-0,-0,+0].pt
pico_y=[+5038786423,-17817868063,+23603690582,+0,+0,-0].pt
pico_y=[+505733966,+10122622760,+28236089347,+0,-0,-0].pt
pico_y=[+5100001094,+28213544421,+8830962577,-0,+0,-0].pt
pico_y=[+5184321128,+28410884323,+8120619831,-0,-0,-0].pt
pico_y=[+5300009342,+8343255905,+28324900386,-0,+0,+0].pt
pico_y=[+5312174468,-15715181600,-24996277117,+0,+0,-0].pt
pico_y=[+546002116,-25565981715,+15687015670,-0,-0,+0].pt
pico_y=[+5493703329,+12670497801,+26632268195,+0,+0,-0].pt
pico_y=[+5561255366,+24015368158,-17097793162,-0,+0,+0].pt
pico_y=[+5622495505,-1696328938,-29419551533,-0,+0,-0].pt
pico_y=[+5836714001,-28723289302,-6395734623,+0,-0,+0].pt
pico_y=[+584822486,+22476771068,-19860834449,+0,+0,+0].pt
pico_y=[+5921733787,-2700472305,+29285500137,+0,+0,+0].pt
pico_y=[+5937659107,+28073033333,-8754941680,+0,-0,-0].pt
pico_y=[+597298969,+19398569352,+22876598109,-0,-0,+0].pt
pico_y=[+6015725861,+27121495712,+11324112005,+0,+0,-0].pt
pico_y=[+6050784154,+21531135320,-19994954938,+0,-0,-0].pt
pico_y=[+619143321,-25255162652,+16180031550,+0,+0,+0].pt
pico_y=[+6345461410,+25553840465,-14378329422,-0,-0,-0].pt
pico_y=[+6647595604,+21962500995,+19325062037,-0,-0,-0].pt
pico_y=[+673389211,-23896680040,-18124437371,+0,+0,+0].pt
pico_y=[+6742346115,-27639794652,+9517484987,+0,+0,-0].pt
pico_y=[+674488455,-10091202546,+28243808109,+0,-0,+0].pt
pico_y=[+6790906827,+255154393,+29220172496,+0,-0,-0].pt
pico_y=[+701882531,+24801333448,-16864199362,+0,-0,-0].pt
pico_y=[+7079576516,+13342508420,-25920205736,+0,-0,-0].pt
pico_y=[+7224172135,-29117190023,+24126915,+0,-0,+0].pt
pico_y=[+725816769,+20231136967,-22139880014,-0,-0,+0].pt
pico_y=[+7323644390,+11862779104,-26563860878,+0,+0,-0].pt
pico_y=[+7376778082,-5658191885,+28523113605,-0,+0,-0].pt
pico_y=[+7540685051,+22320674253,+18572171921,+0,+0,-0].pt
pico_y=[+7568364710,+7316233683,+28092571622,-0,-0,-0].pt
pico_y=[+7640565278,-5458444473,+28492580546,+0,-0,-0].pt
pico_y=[+7757777290,+20442416045,-20540801293,-0,+0,+0].pt
pico_y=[+7954923038,-13590077171,-25534858565,+0,+0,+0].pt
pico_y=[+7955997482,+26349703128,+11932948048,-0,+0,-0].pt
pico_y=[+8024815374,-28169612260,+6486546335,-0,-0,-0].pt
pico_y=[+8212338958,-27585221999,+8462447407,+0,+0,+0].pt
pico_y=[+8288095446,-25090156512,-14205334212,+0,+0,-0].pt
pico_y=[+8299330421,-28649865037,+3210350124,+0,+0,+0].pt
pico_y=[+8659706248,+10847510481,-26595883216,-0,+0,+0].pt
pico_y=[+8680943899,+28516319820,+3385368066,+0,+0,-0].pt
pico_y=[+8934706168,-10130804214,+26786896641,-0,-0,-0].pt
pico_y=[+8962751540,+18846483507,-21551778216,+0,+0,-0].pt
pico_y=[+8976588587,+28584786666,+1526705142,+0,-0,-0].pt
pico_y=[+8978935600,-27676393038,+7307255565,+0,+0,+0].pt
pico_y=[+9094712724,+25208124511,-13484682387,+0,+0,-0].pt
pico_y=[+9147790933,-27621485361,+7305577836,+0,-0,-0].pt
pico_y=[+9280148072,+23216278169,+16579604330,-0,+0,-0].pt
pico_y=[+9308709869,-26774846821,-9821176012,+0,+0,+0].pt
pico_y=[+9369575606,-23932377677,-15474248017,+0,-0,-0].pt
pico_y=[+9478416786,+9505805285,+26829075294,+0,-0,+0].pt
pico_y=[+9495266726,+22278332602,-17706377559,+0,+0,-0].pt
pico_y=[+9607414496,-23196890641,+16419556977,+0,-0,-0].pt
pico_y=[+9954501291,-17206666261,-22468612334,-0,+0,-0].pt
pico_y=[-10080325875,+14077684976,+24499098268,-0,+0,-0].pt
pico_y=[-10088744835,+7393720615,-27268115504,-0,-0,+0].pt
pico_y=[-10321464875,+18635967361,-21122691196,+0,+0,-0].pt
pico_y=[-10333699487,-22241288768,+17278302256,+0,-0,-0].pt
pico_y=[-10337163985,-23732164542,+15163357375,-0,-0,-0].pt
pico_y=[-10380822274,-18325909466,+21363510272,-0,-0,+0].pt
pico_y=[-10421263935,-22247264279,+17217911897,+0,-0,-0].pt
pico_y=[-10511338122,+27142719765,+7265296599,-0,-0,+0].pt
pico_y=[-10540490797,+4398809604,-27740737694,-0,+0,-0].pt
pico_y=[-10773458000,+2865007431,-27851828219,-0,+0,+0].pt
pico_y=[-10795844707,-19275043302,+20295872555,+0,-0,+0].pt
pico_y=[-10805302808,+25554796987,+11410424278,-0,+0,+0].pt
pico_y=[-10845845284,-17806953501,+21570351112,+0,-0,-0].pt
pico_y=[-1087016642,-16111378488,+25283233141,+0,-0,-0].pt
pico_y=[-10929805525,-22468535022,-16604345369,-0,+0,+0].pt
pico_y=[-10960134597,-25752540429,-10801949411,-0,+0,+0].pt
pico_y=[-11012576908,+25919717385,-10338829746,+0,-0,+0].pt
pico_y=[-11126839068,-6607815895,+27065295517,-0,-0,-0].pt
pico_y=[-11301288911,-22145065321,-16789191490,-0,-0,-0].pt
pico_y=[-11301785482,+27415602785,+4544707788,-0,-0,+0].pt
pico_y=[-11373856994,+5803454222,+27146920565,+0,+0,+0].pt
pico_y=[-11453413754,-13423659993,-24261588278,+0,+0,-0].pt
pico_y=[-1156581719,+28876197977,+8051553213,-0,+0,-0].pt
pico_y=[-11617242431,-17163308904,-21690101562,+0,-0,-0].pt
pico_y=[-11800512168,+10796691967,+25380688626,+0,+0,+0].pt
pico_y=[-11899535849,-5781972666,+26925263948,-0,+0,+0].pt
pico_y=[-12315182020,-18244894257,-20382838992,-0,-0,-0].pt
pico_y=[-12351205191,+5767381267,-26724240750,+0,+0,-0].pt
pico_y=[-12712347875,+8418631494,+25836463676,-0,+0,-0].pt
pico_y=[-12714386492,+21346798062,-16812453380,-0,+0,+0].pt
pico_y=[-12860127489,+23110226244,-14161022700,-0,-0,+0].pt
pico_y=[-12861712933,+21256790657,+16814434019,+0,+0,-0].pt
pico_y=[-12902423000,-18017444296,-20221255692,-0,+0,+0].pt
pico_y=[-13021677117,-14468176790,-22827785382,+0,+0,+0].pt
pico_y=[-13032894898,+11728767583,+24342959179,-0,-0,-0].pt
pico_y=[-13103942753,-20847598706,-17136636558,+0,+0,-0].pt
pico_y=[-13324196530,-21058702301,-16703198622,+0,+0,+0].pt
pico_y=[-13442895263,-26768945992,+1646844688,-0,+0,-0].pt
pico_y=[-13518424298,-24925324182,-9796959678,+0,+0,+0].pt
pico_y=[-13534168495,-25902818664,+6772759289,-0,-0,+0].pt
pico_y=[-13552531824,-19516616853,+18314763110,+0,-0,-0].pt
pico_y=[-13559787416,+14685702122,+22371015141,+0,+0,-0].pt
pico_y=[-13651669626,-19847419539,-17880488082,+0,-0,-0].pt
pico_y=[-1371738588,+24273272993,-17576306537,+0,+0,-0].pt
pico_y=[-13785395860,-14020716477,+22657942767,-0,-0,-0].pt
pico_y=[-13860400375,-3867112418,+26323653679,-0,+0,+0].pt
pico_y=[-13865133376,-5232291212,+26084117871,-0,+0,+0].pt
pico_y=[-13902194819,-26301765336,-3866021141,+0,-0,+0].pt
pico_y=[-13905437641,-26582519893,-91870405,+0,-0,+0].pt
pico_y=[-13912190974,-16196364055,-21074362000,+0,-0,-0].pt
pico_y=[-1396368071,-4999654147,-29547480681,+0,-0,-0].pt
pico_y=[-13996409301,-22108502824,+14673603155,+0,-0,-0].pt
pico_y=[-14106724844,-18810162657,+18632715717,-0,+0,-0].pt
pico_y=[-14116787681,+13103867978,-23000107599,+0,-0,+0].pt
pico_y=[-14244393644,+23310102453,+12399047275,+0,-0,+0].pt
pico_y=[-14294039380,+25481750965,-6808876996,+0,-0,+0].pt
pico_y=[-14351990289,-11772151154,-23567707397,-0,-0,+0].pt
pico_y=[-14510482841,+26124358869,+2638893976,+0,-0,+0].pt
pico_y=[-14539103191,+14016797737,+22184315622,-0,-0,+0].pt
pico_y=[-14547437480,-6507628935,-25416979136,-0,+0,-0].pt
pico_y=[-1471834372,+18647076698,+23454642061,+0,-0,+0].pt
pico_y=[-14808829012,+25560954987,+5228399702,+0,-0,+0].pt
pico_y=[-14862126004,+18887693327,+17954727829,+0,-0,-0].pt
pico_y=[-14862957241,-25402197721,+5815569878,+0,-0,-0].pt
pico_y=[-14875597201,-25061062248,+7117567484,+0,-0,-0].pt
pico_y=[-15090456254,-8124134734,+24622683949,-0,+0,+0].pt
pico_y=[-15133744464,-25835318598,-1872455996,-0,-0,+0].pt
pico_y=[-15233699825,-3302834102,+25632512100,-0,+0,+0].pt
pico_y=[-15556727405,-12294470958,+22512978841,-0,+0,-0].pt
pico_y=[-15581683351,+17100894362,+19098967407,-0,-0,-0].pt
pico_y=[-15609226195,+16210268682,-19838831791,+0,+0,-0].pt
pico_y=[-15676965927,-19771208204,-16227509528,+0,+0,-0].pt
pico_y=[-15836694800,-21474573996,+13712832293,+0,+0,-0].pt
pico_y=[-15909186091,+14499559801,+20896424659,-0,-0,-0].pt
pico_y=[-15943974010,+14549290808,-20835254492,+0,+0,+0].pt
pico_y=[-16043798256,+24125213185,-7782713299,+0,+0,+0].pt
pico_y=[-16051495157,+6991890641,-24361095388,-0,-0,-0].pt
pico_y=[-16099324870,+24849010120,+4830986934,-0,+0,-0].pt
pico_y=[-16287811487,+18694224980,-16888846892,-0,-0,-0].pt
pico_y=[-16364802367,+9351396454,+23339764948,-0,-0,-0].pt
pico_y=[-16422854484,-16496678455,+18924836870,-0,+0,-0].pt
pico_y=[-16497169123,+20020665641,-15067062030,-0,-0,+0].pt
pico_y=[-16568245849,+8309070223,+23589247159,+0,+0,+0].pt
pico_y=[-16594711476,-23381411122,-8827523150,-0,+0,-0].pt
pico_y=[-16708267894,+17560156134,+17676953938,-0,-0,-0].pt
pico_y=[-16713259597,-9563044877,-23004676184,+0,-0,+0].pt
pico_y=[-16967355686,+24525612275,-3256252994,-0,-0,-0].pt
pico_y=[-17059325422,+9853152015,-22625092520,-0,+0,-0].pt
pico_y=[-17174164075,+22037065938,-10927754261,+0,-0,+0].pt
pico_y=[-1719614907,-556881978,-29945497275,+0,+0,+0].pt
pico_y=[-17383627355,+6012216387,-23699425185,+0,+0,+0].pt
pico_y=[-17409956360,+23549910372,-6503471456,+0,+0,-0].pt
pico_y=[-17458192542,+7084462012,+23345704341,-0,+0,-0].pt
pico_y=[-17571786755,+23672521234,+5553741864,-0,+0,+0].pt
pico_y=[-17627142689,+22154734598,+9922276732,+0,-0,-0].pt
pico_y=[-17771993887,-12466333441,-20706201096,-0,+0,-0].pt
pico_y=[-17783899409,-14036006692,+19665285097,-0,-0,+0].pt
pico_y=[-17784540253,+18981611892,-14946857127,-0,-0,+0].pt
pico_y=[-17799313920,-17856240356,+16258508675,+0,-0,+0].pt
pico_y=[-17921462035,+22674363077,-8043286492,+0,-0,+0].pt
pico_y=[-18223501156,+23769429193,-1708286117,+0,-0,+0].pt
pico_y=[-18320039540,-21153743138,+10811813099,-0,-0,+0].pt
pico_y=[-18328905824,+20730373848,-11588908983,-0,+0,+0].pt
pico_y=[-18362954420,-16215407395,-17316537414,+0,-0,-0].pt
pico_y=[-18411731400,-22257688271,+8099596266,-0,-0,+0].pt
pico_y=[-18489514909,-22685413746,+6596199028,-0,-0,+0].pt
pico_y=[-18540167497,-16498870306,-16853767170,-0,-0,-0].pt
pico_y=[-18570596737,+19348548799,+13444946865,+0,-0,+0].pt
pico_y=[-18580124396,-14722851530,-18385228316,+0,-0,+0].pt
pico_y=[-18583195075,+3803421342,+23242178187,+0,-0,-0].pt
pico_y=[-18635758735,+12598730611,+19848941618,-0,-0,-0].pt
pico_y=[-1865606980,-21070864099,+21272945182,-0,+0,-0].pt
pico_y=[-18683798299,-23016154753,+4601336928,-0,+0,+0].pt
pico_y=[-18724851668,-20914350001,-10581582775,+0,+0,-0].pt
pico_y=[-18951611051,-20230341036,-11470385352,+0,-0,-0].pt
pico_y=[-18956943485,-21140757491,-9680013761,-0,+0,+0].pt
pico_y=[-18999693683,-22204606967,-6779901872,-0,+0,+0].pt
pico_y=[-19066926681,+19407908493,+12640624782,-0,+0,-0].pt
pico_y=[-19098797684,+2204867717,+23029860733,-0,-0,-0].pt
pico_y=[-19183184020,-19628974756,-12112340851,-0,+0,+0].pt
pico_y=[-19203154542,+15515179455,-17044590406,+0,+0,+0].pt
pico_y=[-1941823352,+29413531855,-5574357892,+0,-0,+0].pt
pico_y=[-19426211875,+21318798780,-8254157181,-0,+0,+0].pt
pico_y=[-19551847176,+13169003987,-18555392909,+0,-0,+0].pt
pico_y=[-19565625744,-18142431513,-13712711915,+0,+0,+0].pt
pico_y=[-19585267873,-2343197009,+22603687976,-0,-0,+0].pt
pico_y=[-19636949298,-1803327257,-22608366440,-0,-0,-0].pt
pico_y=[-19741668499,+22125069791,+4554976578,-0,-0,+0].pt
pico_y=[-1977470263,-12391575222,+27249559168,-0,-0,+0].pt
pico_y=[-19801583703,-20409880692,-9556885110,-0,-0,+0].pt
pico_y=[-19980260189,+14150485630,-17336463285,-0,+0,-0].pt
pico_y=[-20046316925,-16533116942,+14993372600,-0,+0,+0].pt
pico_y=[-20056689979,-20658687742,+8423052170,+0,-0,+0].pt
pico_y=[-20117756470,+7751965589,-20861037944,+0,-0,+0].pt
pico_y=[-20142767764,+6462948277,-21272028733,+0,-0,+0].pt
pico_y=[-20152375134,+2988252790,-22021628498,-0,+0,+0].pt
pico_y=[-20297047717,+16017417070,-15214210608,-0,-0,-0].pt
pico_y=[-20329491591,-9290158817,-20010115462,-0,+0,-0].pt
pico_y=[-20459271836,+21315698703,+5201844362,-0,+0,+0].pt
pico_y=[-20464253130,-17354112760,-13418238116,-0,+0,-0].pt
pico_y=[-20516237748,-18811328182,+11190081353,-0,-0,-0].pt
pico_y=[-20529787618,+1275212508,-21838078062,-0,-0,-0].pt
pico_y=[-20591733142,-14188776518,-16572843665,+0,+0,-0].pt
pico_y=[-20596205169,+440980298,+21808298168,+0,-0,-0].pt
pico_y=[-20607430597,+14067981008,-16656101421,-0,-0,-0].pt
pico_y=[-20682917286,-20676260596,-6686492375,-0,+0,+0].pt
pico_y=[-20714835660,-21698711801,-247971340,-0,+0,+0].pt
pico_y=[-20848806935,+18890908170,+10414453317,+0,+0,+0].pt
pico_y=[-20909353977,+5964310719,+20669443967,+0,-0,-0].pt
pico_y=[-21209801725,-7819148885,-19723215293,+0,-0,+0].pt
pico_y=[-21270679788,-3959577174,+20781721053,+0,-0,+0].pt
pico_y=[-21277629986,-18591537530,+10080535426,-0,-0,+0].pt
pico_y=[-21288254866,+19605639271,+7901209625,+0,-0,+0].pt
pico_y=[-21299786807,+6990702050,+19936127177,-0,-0,+0].pt
pico_y=[-21300317360,-21125722512,-18130764,+0,+0,-0].pt
pico_y=[-21604030725,+20593229445,-3030636473,+0,+0,-0].pt
pico_y=[-2161100825,+2897247056,+29781464080,+0,-0,-0].pt
pico_y=[-21626782476,-5873813072,+19944437814,+0,+0,-0].pt
pico_y=[-21772767748,+2993602543,-20420208824,+0,-0,-0].pt
pico_y=[-21809780356,+11731534666,-16932352914,+0,-0,+0].pt
pico_y=[-21816655313,-3571763682,-20279942189,+0,-0,-0].pt
pico_y=[-21957517868,-281946886,-20439860934,-0,-0,+0].pt
pico_y=[-22030094605,+15334852414,-13398404127,-0,-0,+0].pt
pico_y=[-22088311004,-19734165774,-4761220244,+0,+0,+0].pt
pico_y=[-22135514486,-16153060363,+12210554426,-0,-0,+0].pt
pico_y=[-22148917713,-20205136847,+1085306011,+0,+0,-0].pt
pico_y=[-22150295476,+17214941355,+10630625781,+0,-0,-0].pt
pico_y=[-22210322184,-9598893428,+17735919301,-0,-0,+0].pt
pico_y=[-22261353813,+14721779034,+13700414172,-0,+0,-0].pt
pico_y=[-22270600498,-7226498400,-18756280930,-0,+0,+0].pt
pico_y=[-224461661,+1150223838,+29977101296,-0,-0,+0].pt
pico_y=[-22513338165,+13188667858,-14805696364,-0,+0,+0].pt
pico_y=[-22590550790,+13937548419,+13978975610,+0,+0,-0].pt
pico_y=[-22593048966,+11022038424,+16372806949,+0,+0,+0].pt
pico_y=[-22642854987,+10004966547,+16947028130,-0,+0,+0].pt
pico_y=[-22752907338,+6030696266,+18599352415,+0,-0,+0].pt
pico_y=[-227887627,-25976236051,-15006106353,+0,+0,-0].pt
pico_y=[-22838326624,+19308344126,-2366153871,+0,+0,-0].pt
pico_y=[-22891801916,-6313619883,-18333128729,-0,+0,-0].pt
pico_y=[-22958696783,-15921803924,+10926774538,-0,-0,-0].pt
pico_y=[-22960697793,+18636828199,+5047275653,+0,-0,-0].pt
pico_y=[-22965512838,+18331406446,+6045226034,-0,+0,+0].pt
pico_y=[-22971386949,-11836112142,+15238826431,-0,-0,+0].pt
pico_y=[-23049939050,-17589272717,-7701804664,-0,+0,-0].pt
pico_y=[-23067209224,+17846976495,-7027751318,+0,+0,+0].pt
pico_y=[-231858,-29137835844,-7140484738,+0,-0,+0].pt
pico_y=[-23211519397,+13966944850,-12889911514,+0,+0,+0].pt
pico_y=[-23322909913,-10504430060,-15674783006,+0,-0,+0].pt
pico_y=[-23356636274,-16685798814,-8720760282,+0,+0,-0].pt
pico_y=[-23490012206,+14390030759,-11880502569,+0,+0,+0].pt
pico_y=[-23648685746,-12938380337,-13165788117,-0,+0,+0].pt
pico_y=[-23650378278,+16387541860,-8491647607,+0,-0,-0].pt
pico_y=[-23789851879,+18123439607,+2363024414,-0,-0,+0].pt
pico_y=[-2402169397,+22793609386,-19356677228,+0,+0,-0].pt
pico_y=[-2409875882,+29429833042,-5298813582,-0,-0,+0].pt
pico_y=[-24172539326,-5101897257,+17019370932,-0,+0,+0].pt
pico_y=[-24174982998,-17759071264,+430795617,-0,+0,+0].pt
pico_y=[-24184144738,+14918249828,+9621484571,+0,+0,-0].pt
pico_y=[-24290420480,+17506895512,+1866569700,+0,+0,-0].pt
pico_y=[-24364154728,+9882026722,+14447612684,+0,+0,+0].pt
pico_y=[-24410053871,+5205939310,+16644742890,+0,-0,-0].pt
pico_y=[-24766413406,-16929473675,-132996457,-0,+0,-0].pt
pico_y=[-24811548389,+9451061726,-13966549280,+0,+0,-0].pt
pico_y=[-24882412389,-16547234628,+2656045904,+0,+0,-0].pt
pico_y=[-24919085518,+8978440718,-14086404056,+0,+0,-0].pt
pico_y=[-24919129605,+8213681083,+14545529306,+0,+0,-0].pt
pico_y=[-24967287331,-1960916900,-16516336406,-0,-0,+0].pt
pico_y=[-24989257422,+12195276670,-11261094105,-0,+0,-0].pt
pico_y=[-25019549599,-13740173664,+9231996833,-0,-0,-0].pt
pico_y=[-25111814235,-15985677079,+3722218979,-0,-0,+0].pt
pico_y=[-25115855380,-15152509413,+6292477018,+0,+0,+0].pt
pico_y=[-25116979301,+15060358542,-6505609225,-0,-0,+0].pt
pico_y=[-25122587950,+14628752013,+7406428913,-0,+0,+0].pt
pico_y=[-25200706105,+3363938205,+15925084978,+0,-0,+0].pt
pico_y=[-25312251512,+14989617754,+5882285527,-0,-0,-0].pt
pico_y=[-25343618557,-3870634002,+15579447707,-0,-0,+0].pt
pico_y=[-25372490664,-15941566025,-1450237967,-0,-0,-0].pt
pico_y=[-25537213212,+8611096341,-13179520522,-0,+0,-0].pt
pico_y=[-25563722122,-15496520888,+2520704596,-0,-0,-0].pt
pico_y=[-25601407391,+2004640529,-15509653637,+0,-0,-0].pt
pico_y=[-25650310708,+10683474584,-11310390417,-0,-0,+0].pt
pico_y=[-25705747178,+6978243780,+13802850277,+0,-0,-0].pt
pico_y=[-25723270727,-15416479704,-803428065,-0,+0,+0].pt
pico_y=[-25789744640,+97521351,-15325780925,+0,-0,+0].pt
pico_y=[-25829446530,-14956447269,+3023967103,+0,+0,-0].pt
pico_y=[-25898880770,-14402530247,-4670663482,+0,+0,+0].pt
pico_y=[-26043463953,+6346412967,-13470747114,-0,+0,-0].pt
pico_y=[-26052982642,+4877960154,-14051604897,-0,-0,-0].pt
pico_y=[-26087487281,+14267111269,-3986545296,+0,+0,-0].pt
pico_y=[-26100075253,+13853801669,-5182494678,+0,-0,+0].pt
pico_y=[-26170284025,+14078692674,+4111769283,+0,+0,+0].pt
pico_y=[-26236207600,-5653885519,+13405035968,+0,-0,+0].pt
pico_y=[-26269183373,+14320935848,-2200182119,-0,+0,-0].pt
pico_y=[-26352094469,+12716607664,+6622311276,+0,+0,-0].pt
pico_y=[-26387131605,+1706685398,+14170621392,+0,-0,+0].pt
pico_y=[-26506275267,-8518549738,-11173704928,+0,+0,+0].pt
pico_y=[-26531276444,+10184854292,-9610416917,-0,-0,+0].pt
pico_y=[-26572855445,+12763124301,-5566508022,+0,-0,-0].pt
pico_y=[-26614613526,-5398667579,+12748205178,-0,-0,-0].pt
pico_y=[-26786019826,+4334204243,+12795460737,-0,+0,+0].pt
pico_y=[-26837712265,-12548447176,+4719499324,+0,+0,+0].pt
pico_y=[-26885198564,+1183133937,-13258442303,-0,-0,-0].pt
pico_y=[-26891937648,-7597378074,-10913456645,+0,-0,-0].pt
pico_y=[-26903501778,+9556588732,+9212665407,-0,+0,-0].pt
pico_y=[-26950075476,-888704681,-13149282712,-0,+0,-0].pt
pico_y=[-27057720326,+7440045093,-10607803722,+0,-0,+0].pt
pico_y=[-27274795715,-11442932021,-5014461633,-0,+0,-0].pt
pico_y=[-27345809893,+12314385223,-750065242,+0,+0,+0].pt
pico_y=[-27542238216,-6122367404,-10195181776,+0,+0,-0].pt
pico_y=[-27542506320,+9438182701,+7234020521,-0,-0,-0].pt
pico_y=[-27795835357,+7340676174,+8573564608,-0,+0,-0].pt
pico_y=[-27884628483,-5991392668,-9303263313,+0,-0,+0].pt
pico_y=[-27888896079,-7775404822,-7858279414,+0,+0,+0].pt
pico_y=[-27911067667,-10947794897,-1057397076,+0,-0,-0].pt
pico_y=[-27919037667,-9509348929,-5486311941,+0,+0,+0].pt
pico_y=[-27977535769,+4997528742,+9606362410,+0,-0,+0].pt
pico_y=[-28010406980,-9679394292,-4661161546,-0,-0,+0].pt
pico_y=[-28035941711,+7635848205,-7461889478,-0,-0,+0].pt
pico_y=[-28052719741,-9721160211,+4306269766,+0,-0,+0].pt
pico_y=[-28059684555,-7415789123,+7593429684,+0,-0,-0].pt
pico_y=[-28257362453,-8349129475,+5640346109,+0,-0,-0].pt
pico_y=[-28291493849,-5307534161,+8451121637,+0,-0,+0].pt
pico_y=[-28358245864,-6376607606,-7426221581,-0,-0,+0].pt
pico_y=[-28457171706,+8834810935,-3483603623,-0,+0,-0].pt
pico_y=[-28576067568,-9129195737,-257191590,-0,+0,+0].pt
pico_y=[-28605604668,-8498794224,+3080564611,-0,+0,-0].pt
pico_y=[-28608929512,-8160385052,-3864876188,+0,-0,-0].pt
pico_y=[-28639954886,-2905656754,-8444533316,+0,-0,-0].pt
pico_y=[-2876089247,-29748758728,-2596047921,-0,-0,+0].pt
pico_y=[-28914463453,+7749521064,+1974519312,+0,-0,-0].pt
pico_y=[-28961366538,-7436212578,-2437619899,+0,+0,-0].pt
pico_y=[-28966509085,-3072541197,-7176408713,+0,+0,+0].pt
pico_y=[-28995769231,+5396433067,-5488522285,+0,-0,+0].pt
pico_y=[-29007214540,-1963859533,-7397618562,+0,-0,+0].pt
pico_y=[-29056710623,+6621717455,-3443896876,+0,+0,-0].pt
pico_y=[-29076922995,-3657730994,-6415103514,-0,-0,-0].pt
pico_y=[-29092928265,-7319398958,-167104274,+0,+0,+0].pt
pico_y=[-29106283159,-6946006486,+2139456610,-0,+0,-0].pt
pico_y=[-29107370487,+7081153067,-1618102159,-0,+0,-0].pt
pico_y=[-29129122127,+6908728839,-1940028334,-0,-0,-0].pt
pico_y=[-29309986714,-4253404135,+4778413132,-0,-0,-0].pt
pico_y=[-29323907602,-2242949860,+5922636143,-0,-0,+0].pt
pico_y=[-29351531271,-2543377037,-5658519706,-0,-0,+0].pt
pico_y=[-29485707125,-5200593898,-1883321116,+0,+0,-0].pt
pico_y=[-2955643106,+28891213508,-7520768304,-0,-0,+0].pt
pico_y=[-29679932720,-1775123232,-3993811621,-0,-0,+0].pt
pico_y=[-29705247958,+4086310904,-948845066,-0,+0,-0].pt
pico_y=[-2980184160,+27106175213,+12504949728,+0,-0,-0].pt
pico_y=[-29818696261,+3222039281,-681040501,+0,-0,-0].pt
pico_y=[-29851553322,-2500100587,-1623040763,+0,+0,+0].pt
pico_y=[-29962429889,+33181790,+1500564590,+0,-0,-0].pt
pico_y=[-29966771624,+268257823,+1385870188,+0,-0,-0].pt
pico_y=[-3138714882,+6183176894,+29187613681,+0,-0,+0].pt
pico_y=[-3182709550,-26917930434,+12856725130,-0,+0,+0].pt
pico_y=[-3254330414,-29389268878,-5067564344,+0,-0,-0].pt
pico_y=[-3285814422,-27239019351,-12134218079,-0,-0,-0].pt
pico_y=[-3360106279,+28809727734,-7662197705,+0,-0,-0].pt
pico_y=[-3418337294,+23833855237,-17895874237,+0,+0,-0].pt
pico_y=[-3450620908,+25931478411,+14685082321,-0,-0,-0].pt
pico_y=[-3452052965,-13238464365,-26698808805,-0,+0,-0].pt
pico_y=[-3461446377,-29523216076,-4049456938,+0,-0,-0].pt
pico_y=[-3536028297,+29500114820,-4152075326,-0,+0,+0].pt
pico_y=[-3753148001,-19330887838,-22632513238,+0,+0,+0].pt
pico_y=[-3772581346,-27643830394,-11026616487,-0,-0,+0].pt
pico_y=[-3969013758,-12775310318,+26852157754,+0,+0,-0].pt
pico_y=[-3975366622,-15530578865,-25357396955,-0,-0,+0].pt
pico_y=[-4069029647,-6990353066,-28889063013,+0,+0,-0].pt
pico_y=[-4106753037,-8712436019,+28411758800,+0,+0,+0].pt
pico_y=[-4135065908,+29018077651,+6391588172,+0,-0,+0].pt
pico_y=[-4199873789,-21733074503,-20249309440,-0,+0,-0].pt
pico_y=[-4315005972,-23265901855,-18441218353,-0,-0,+0].pt
pico_y=[-4328733371,+898619503,-29672454405,-0,+0,-0].pt
pico_y=[-4394770380,+29180217062,+5403788074,+0,+0,-0].pt
pico_y=[-4505343922,+7303615159,-28746462074,-0,-0,-0].pt
pico_y=[-4632790685,-27913612655,+9968323782,-0,-0,-0].pt
pico_y=[-4718015305,+25277070492,-15453479832,-0,-0,-0].pt
pico_y=[-4768034481,-18083612436,-23457382813,+0,+0,+0].pt
pico_y=[-4853086622,+25331342355,-15322227147,-0,-0,-0].pt
pico_y=[-4884023126,-28984732193,-6002634238,-0,+0,+0].pt
pico_y=[-4901060405,-16561291274,-24529639994,-0,+0,+0].pt
pico_y=[-4915795423,+22183439302,+19589026931,-0,-0,-0].pt
pico_y=[-4982008280,-13077493651,-26535989774,+0,-0,-0].pt
pico_y=[-5004424437,-11460770908,-27269148616,-0,+0,-0].pt
pico_y=[-5022099129,+14971832207,+25507307986,-0,-0,+0].pt
pico_y=[-5094909533,-16102999442,-24793856211,+0,-0,+0].pt
pico_y=[-5117805104,+29299229786,+3919592433,+0,+0,-0].pt
pico_y=[-5120647076,-20443830087,-21350147187,+0,-0,+0].pt
pico_y=[-5151209528,-22401313657,+19278127162,-0,-0,-0].pt
pico_y=[-5257363935,+3141079470,+29368243805,-0,-0,-0].pt
pico_y=[-5412173638,+182722919,+29507202322,-0,-0,-0].pt
pico_y=[-5453130228,-17795822664,+23528112258,+0,-0,+0].pt
pico_y=[-5496041437,-24623714756,-16231641941,-0,+0,-0].pt
pico_y=[-5496796518,-123722902,+29491861940,-0,-0,+0].pt
pico_y=[-5601135476,-24105296915,-16957651430,-0,-0,+0].pt
pico_y=[-5755038847,+27460173035,+10621601799,+0,-0,+0].pt
pico_y=[-5758450337,-23283381568,+18020110779,+0,-0,+0].pt
pico_y=[-5761730139,+807757493,+29430426324,-0,+0,+0].pt
pico_y=[-5783438969,-1278523526,-29409474856,+0,+0,-0].pt
pico_y=[-585755113,+16205387682,-25239696928,-0,-0,-0].pt
pico_y=[-588687569,-26286338045,-14445825664,+0,-0,-0].pt
pico_y=[-5928500584,-26970880976,-11722817928,-0,+0,-0].pt
pico_y=[-599004538,-13097905571,+26983069937,+0,-0,-0].pt
pico_y=[-6002873633,-29237392111,+3023311212,+0,-0,+0].pt
pico_y=[-6037470420,-15801284327,-24776367057,-0,-0,-0].pt
pico_y=[-6141714914,-28111113556,+8487910965,-0,+0,-0].pt
pico_y=[-637660600,-16039466117,-25344208720,-0,+0,-0].pt
pico_y=[-6399959304,+26007376042,+13515062423,-0,+0,-0].pt
pico_y=[-6509739090,-13341606330,+26069615216,-0,-0,-0].pt
pico_y=[-656687976,-29494148150,+5446465444,-0,-0,-0].pt
pico_y=[-6713234233,+29214918954,+1192055634,+0,+0,-0].pt
pico_y=[-6733402983,-29193326728,-1552726262,-0,+0,+0].pt
pico_y=[-6828622203,+18289897442,+22778269697,-0,+0,-0].pt
pico_y=[-6856986899,+29115205983,+2299241442,+0,+0,+0].pt
pico_y=[-6914533290,+29007596095,+3278505476,-0,-0,-0].pt
pico_y=[-6922675927,+572946633,-29184727002,-0,+0,-0].pt
pico_y=[-7062312295,-19678106222,-21515015235,+0,+0,-0].pt
pico_y=[-714227935,+8578369949,+28738501135,+0,-0,-0].pt
pico_y=[-7163730935,-16994152686,-23661777904,+0,-0,-0].pt
pico_y=[-7356259091,-23972934872,-16467660605,+0,-0,+0].pt
pico_y=[-737384729,-23384293173,+18778474287,-0,-0,+0].pt
pico_y=[-7428312109,-15373339552,-24667399746,-0,-0,+0].pt
pico_y=[-7592333090,-12855067869,+26021216503,-0,-0,-0].pt
pico_y=[-7822700961,-14656908203,-24979599509,-0,-0,-0].pt
pico_y=[-7886657827,-16070264941,+24073786845,+0,+0,+0].pt
pico_y=[-7917766643,-25701620889,-13294196293,+0,-0,-0].pt
pico_y=[-8141506058,-27396773312,-9117713045,+0,-0,+0].pt
pico_y=[-8311346251,+11641053562,-26370578216,+0,-0,+0].pt
pico_y=[-8354896548,+28036079481,-6646348697,+0,-0,+0].pt
pico_y=[-8401358213,+1300316136,-28770233891,-0,+0,+0].pt
pico_y=[-8462431781,-28265133010,-5428582161,-0,-0,+0].pt
pico_y=[-8465959970,+25209156681,+13886178064,-0,+0,-0].pt
pico_y=[-8498682198,+14378928950,-24920248858,-0,+0,-0].pt
pico_y=[-851420908,-16089732094,+25306038876,-0,-0,-0].pt
pico_y=[-8522653707,+6461538559,+28028786867,-0,-0,+0].pt
pico_y=[-8695213206,-19294215410,-21263266895,+0,-0,+0].pt
pico_y=[-8758455897,+26318019010,+11430281086,+0,-0,-0].pt
pico_y=[-8816131232,+24970356332,-14098125220,-0,-0,-0].pt
pico_y=[-9075437281,-19966661358,+20468729134,+0,-0,+0].pt
pico_y=[-9181148848,+18352992952,-21883193449,-0,-0,+0].pt
pico_y=[-9219720007,+13381950468,-25217457537,-0,+0,-0].pt
pico_y=[-9229167644,-11382882579,+26177326998,+0,-0,-0].pt
pico_y=[-9246741794,+27710057493,+6830115660,-0,-0,+0].pt
pico_y=[-9304902428,-16748939030,+23084450008,-0,-0,-0].pt
pico_y=[-9335290856,+1285345727,-28481577045,+0,-0,+0].pt
pico_y=[-9341245982,+25355596258,-13032070514,+0,+0,-0].pt
pico_y=[-9346522172,+11751307220,+25972086976,-0,+0,-0].pt
pico_y=[-9436479188,+27178521884,-8501812087,+0,-0,+0].pt
pico_y=[-9492336650,+2448322411,+28353152599,+0,-0,+0].pt
pico_y=[-9524019450,+28300362785,+2895258147,+0,-0,-0].pt
pico_y=[-9685534817,-8498275198,+27091875792,-0,-0,+0].pt
pico_y=[-9690263229,-27190927486,+8170205688,-0,-0,-0].pt
pico_y=[-9857171122,-12621875924,+25367783223,+0,-0,+0].pt
pico_y=[-9866407557,-27855311616,+5170649544,+0,-0,+0].pt
pico_y=[-9895696213,+1305128963,+28290843657,-0,+0,-0].pt
pico_y=[-9947199304,-15539202655,-23655578768,+0,-0,+0].pt
